Trabalho 2 - RedesComplexas_2017
Graph          : celegansneural.gml
Arestas        :   2359  , Vertices:   297   
Maior
   . Vertice    (Grau Total)
1  . [3, 84, 86] (   54)
2  . [3, 84, 86] (   54)
3  . [3, 84, 86] (   54)
4  . [4]        (   56)
5  . [118]      (   58)
6  . [125]      (   59)
7  . [172]      (   60)
8  . [2]        (   80)
9  . [12]       (   84)
10 . [44]       (  139)
Menor
   . Vertice    (Grau Total)
15 vertices with grau total = 1
[242, 243, 260, 285, 286, 287, 288, 289, 290, 291, 292, 293, 294, 295, 296] (    1)
Maior
   . Vertice    (Betwenness)
1  . [164]      (0.0448)
2  . [137]      (0.0452)
3  . [172]      (0.0465)
4  . [42]       (0.0502)
5  . [119]      (0.0521)
6  . [165]      (0.0568)
7  . [221]      (0.0755)
8  . [125]      (0.091)
9  . [142]      (0.107)
10 . [177]      (0.109)
Menor
   . Vertice    (Betwenness)
56 vertices with betweenness = 0.0
[23, 35, 39, 44, 45, 49, 51, 54, 57, 128, 134, 143, 144, 156, 190, 223, 227, 228, 230, 231, 234, 242, 243, 247, 248, 251, 259, 260, 261, 262, 263, 264, 265, 266, 267, 268, 269, 271, 273, 278, 280, 281, 282, 284, 285, 286, 287, 288, 289, 290, 291, 292, 293, 294, 295, 296] (  0.0)

Maior   . Vertice    (Katz )
1  . [162]      (0.0774)
2  . [176]      (0.0793)
3  . [166]      (0.0822)
4  . [137]      (0.0858)
5  . [86]       (0.0859)
6  . [125]      (0.105)
7  . [172]      (0.105)
8  . [2]        (0.186)
9  . [12]       (0.189)
10 . [44]       (0.727)

Menor   . Vertice    (Katz )
27 vertices with katz = 0.0239998753215
[54, 57, 134, 143, 230, 242, 243, 251, 259, 260, 261, 278, 280, 281, 284, 285, 286, 287, 288, 289, 290, 291, 292, 293, 294, 295, 296] (0.0239998753215)
Maior
   . Vertice    (PageRank)
1  . [86]       (0.00467)
2  . [35]       (0.00477)
3  . [46]       (0.00521)
4  . [23]       (0.00628)
5  . [6]        (0.00659)
6  . [13]       (0.00735)
7  . [2]        (0.00888)
8  . [12]       (0.00989)
9  . [190]      (0.0128)
10 . [44]       (0.0793)

Menor   . Vertice    (PageRank)
27 vertices with pagerank = 0.000505050505051
[54, 57, 134, 143, 230, 242, 243, 251, 259, 260, 261, 278, 280, 281, 284, 285, 286, 287, 288, 289, 290, 291, 292, 293, 294, 295, 296] (0.000505050505051)

Maior   . Vertice    (Closenness)
1  . [87]       ( 0.29)
2  . [63]       (0.293)
3  . [137]      (0.295)
4  . [205]      (0.296)
5  . [172]      (0.296)
6  . [95]       (0.298)
7  . [119]      (0.299)
8  . [67]       (0.316)
9  . [142]      (0.319)
10 . [226]      ( 0.32)

Menor   . Vertice    (Closenness)
1  . [264]      (0.0358)
2  . [266]      (0.0384)
3  . [262]      (0.0438)
4  . [265]      (0.053)
5  . [267]      (0.0589)
6  . [35]       (0.0647)
7  . [45]       (0.0712)
8  . [263]      (0.0724)
9  . [275]      (0.0773)
10 . [180]      (0.0779)
-----------------

Graph          : dolphins.gml
Arestas        :   159   , Vertices:    62   
Maior
   . Vertice    (Grau Total)
1  . [1, 13, 38, 40] (    8)
2  . [17, 20, 29, 57] (    9)
3  . [17, 20, 29, 57] (    9)
4  . [17, 20, 29, 57] (    9)
5  . [17, 20, 29, 57] (    9)
6  . [33, 51]   (   10)
7  . [33, 51]   (   10)
8  . [37, 45]   (   11)
9  . [37, 45]   (   11)
10 . [14]       (   12)
Menor
   . Vertice    (Grau Total)
1  . [4, 11, 12, 22, 31, 35, 48, 58, 60] (    1)
2  . [4, 11, 12, 22, 31, 35, 48, 58, 60] (    1)
3  . [4, 11, 12, 22, 31, 35, 48, 58, 60] (    1)
4  . [4, 11, 12, 22, 31, 35, 48, 58, 60] (    1)
5  . [4, 11, 12, 22, 31, 35, 48, 58, 60] (    1)
6  . [4, 11, 12, 22, 31, 35, 48, 58, 60] (    1)
7  . [4, 11, 12, 22, 31, 35, 48, 58, 60] (    1)
8  . [4, 11, 12, 22, 31, 35, 48, 58, 60] (    1)
9  . [4, 11, 12, 22, 31, 35, 48, 58, 60] (    1)
10 . [39, 46, 49, 53, 55, 56] (    2)
Maior
   . Vertice    (Betwenness)
1  . [57]       (0.0842)
2  . [51]       (0.0847)
3  . [54]       (0.0991)
4  . [20]       (0.103)
5  . [17]       (0.114)
6  . [7]        (0.118)
7  . [37]       (0.139)
8  . [40]       (0.143)
9  . [1]        (0.213)
10 . [36]       (0.248)
Menor
   . Vertice    (Betwenness)
1  . [4, 11, 12, 22, 31, 35, 48, 58, 60] (  0.0)
2  . [4, 11, 12, 22, 31, 35, 48, 58, 60] (  0.0)
3  . [4, 11, 12, 22, 31, 35, 48, 58, 60] (  0.0)
4  . [4, 11, 12, 22, 31, 35, 48, 58, 60] (  0.0)
5  . [4, 11, 12, 22, 31, 35, 48, 58, 60] (  0.0)
6  . [4, 11, 12, 22, 31, 35, 48, 58, 60] (  0.0)
7  . [4, 11, 12, 22, 31, 35, 48, 58, 60] (  0.0)
8  . [4, 11, 12, 22, 31, 35, 48, 58, 60] (  0.0)
9  . [4, 11, 12, 22, 31, 35, 48, 58, 60] (  0.0)
10 . [56]       (0.000137)

Maior   . Vertice    (Katz )
1  . [40]       (0.131)
2  . [17]       (0.132)
3  . [57]       (0.132)
4  . [20]       (0.132)
5  . [29]       (0.132)
6  . [51]       (0.133)
7  . [33]       (0.133)
8  . [45]       (0.135)
9  . [37]       (0.135)
10 . [14]       (0.136)

Menor   . Vertice    (Katz )
1  . [60]       (0.122)
2  . [58]       (0.122)
3  . [22, 31]   (0.122)
4  . [22, 31]   (0.122)
5  . [48]       (0.122)
6  . [35]       (0.122)
7  . [4, 11]    (0.122)
8  . [4, 11]    (0.122)
9  . [12]       (0.122)
10 . [49]       (0.123)
Maior
   . Vertice    (PageRank)
1  . [1]        (0.0247)
2  . [13]       (0.0262)
3  . [29]       (0.0265)
4  . [33]       (0.0284)
5  . [45]       (0.0295)
6  . [37]       (0.0299)
7  . [57]       (0.0301)
8  . [51]       (0.0313)
9  . [17]       (0.0317)
10 . [14]       (0.0321)

Menor   . Vertice    (PageRank)
1  . [12]       (0.00484)
2  . [35]       (0.00492)
3  . [58]       (0.00496)
4  . [4, 11]    (0.00508)
5  . [4, 11]    (0.00508)
6  . [48]       (0.00526)
7  . [22, 31]   (0.00542)
8  . [22, 31]   (0.00542)
9  . [60]       (0.00619)
10 . [55]       (0.00749)

Maior   . Vertice    (Closenness)
1  . [8]        (0.363)
2  . [7, 28, 33] (0.365)
3  . [7, 28, 33] (0.365)
4  . [7, 28, 33] (0.365)
5  . [1]        (0.372)
6  . [14]       (0.377)
7  . [20]       (0.391)
8  . [37]       (0.399)
9  . [40]       (0.404)
10 . [36]       (0.418)

Menor   . Vertice    (Closenness)
1  . [60]       (0.178)
2  . [56]       (0.213)
3  . [32]       (0.216)
4  . [48]       (0.233)
5  . [22, 31]   (0.237)
6  . [22, 31]   (0.237)
7  . [5]        (0.238)
8  . [35]       (0.245)
9  . [49]       (0.247)
10 . [4, 11, 58] (0.249)
-----------------

Graph          : lesmis.gml
Arestas        :   254   , Vertices:    77   
Maior
   . Vertice    (Grau Total)
1  . [63, 65]   (   12)
2  . [62, 64]   (   13)
3  . [62, 64]   (   13)
4  . [23, 58]   (   15)
5  . [23, 58]   (   15)
6  . [25]       (   16)
7  . [27]       (   17)
8  . [55]       (   19)
9  . [48]       (   22)
10 . [11]       (   36)
Menor
   . Vertice    (Grau Total)
17 vertices with grau total = 1
[1, 4, 5, 6, 7, 8, 9, 10, 13, 14, 15, 32, 40, 45, 46, 53, 67] (    1)
Maior
   . Vertice    (Betwenness)
1  . [55]       (0.0721)
2  . [26]       (0.0747)
3  . [29]       (0.0798)
4  . [57]       (0.0888)
5  . [23]       (0.114)
6  . [25]       (0.129)
7  . [0]        (0.177)
8  . [27]       (0.193)
9  . [48]       (0.285)
10 . [11]       (0.454)
Menor
   . Vertice    (Betwenness)
38 vertices with betweenness = 0.0
[1, 2, 3, 4, 5, 6, 7, 8, 9, 10, 13, 14, 15, 17, 18, 19, 20, 21, 22, 30, 32, 33, 34, 35, 36, 37, 38, 40, 43, 44, 45, 46, 53, 59, 60, 67, 73, 74] (  0.0)

Maior   . Vertice    (Katz )
1  . [48]       (0.162)
2  . [25]       (0.165)
3  . [27]       (0.165)
4  . [64]       (0.189)
5  . [59]       (0.196)
6  . [62]       (0.222)
7  . [58]       (0.235)
8  . [26]       (0.244)
9  . [55]       ( 0.28)
10 . [11]       (0.327)

Menor   . Vertice    (Katz )
1  . [46]       (0.0664)
2  . [1, 4, 5, 6, 7, 9] (0.0667)
3  . [1, 4, 5, 6, 7, 9] (0.0667)
4  . [1, 4, 5, 6, 7, 9] (0.0667)
5  . [1, 4, 5, 6, 7, 9] (0.0667)
6  . [1, 4, 5, 6, 7, 9] (0.0667)
7  . [1, 4, 5, 6, 7, 9] (0.0667)
8  . [53]       (0.0668)
9  . [40]       (0.0673)
10 . [52]       (0.0675)
Maior
   . Vertice    (PageRank)
1  . [27]       (0.0268)
2  . [23]       (0.0272)
3  . [48]       (0.0283)
4  . [62]       (0.033)
5  . [25]       (0.0357)
6  . [58]       (0.0366)
7  . [26]       (0.0369)
8  . [0]        (0.0392)
9  . [55]       (0.0517)
10 . [11]       (0.0996)

Menor   . Vertice    (PageRank)
1  . [40]       (0.00245)
2  . [10, 13, 14, 15, 32] (0.00248)
3  . [10, 13, 14, 15, 32] (0.00248)
4  . [10, 13, 14, 15, 32] (0.00248)
5  . [10, 13, 14, 15, 32] (0.00248)
6  . [10, 13, 14, 15, 32] (0.00248)
7  . [53]       (0.00256)
8  . [56]       (0.00291)
9  . [50]       (0.00299)
10 . [1, 4, 5, 6, 7, 9] (0.00302)

Maior   . Vertice    (Closenness)
1  . [29]       (0.274)
2  . [57]       (0.281)
3  . [69]       (0.286)
4  . [70]       (0.291)
5  . [25]       (0.292)
6  . [68]       (  0.3)
7  . [27]       (0.306)
8  . [71]       (0.309)
9  . [11]       (0.323)
10 . [48]       (0.332)

Menor   . Vertice    (Closenness)
1  . [8]        ( 0.11)
2  . [1, 4, 5, 6, 7, 9] (0.124)
3  . [1, 4, 5, 6, 7, 9] (0.124)
4  . [1, 4, 5, 6, 7, 9] (0.124)
5  . [1, 4, 5, 6, 7, 9] (0.124)
6  . [1, 4, 5, 6, 7, 9] (0.124)
7  . [1, 4, 5, 6, 7, 9] (0.124)
8  . [0]        (0.141)
9  . [20]       (0.145)
10 . [21]       (0.145)
-----------------

